0.000001
0.999997
0.999552
0.999995
0.000001
0.000001
0.000001
0.999961
0.000001
0.999764
0.991736
0.999791
0.999991
0.999931
0.000001
0.999265
0.900738
0.000004
0.000002
0.999648
0.000001
0.992858
0.000001
0.000001
0.000002
0.999989
0.993961
0.000165
0.000001
0.999858
0.999984
0.000054
0.544938
0.000002
0.000001
0.000001
0.740360
0.999977
0.867304
0.000002
0.999929
0.999695
0.999974
0.000001
0.000001
0.438832
0.999336
0.000002
0.000001
0.000002
0.000001
0.977340
0.999741
0.999985
0.000001
0.001769
0.000001
0.000002
0.000001
0.000001
0.000002
0.999831
0.000004
0.999634
0.000002
0.996899
0.992310
0.758249
0.000001
0.001613
0.000001
0.999614
0.999495
0.999904
0.999769
0.000001
0.999979
0.967451
0.000001
0.000001
0.626911
0.999891
0.000002
0.000001
0.002324
0.414307
0.000001
0.000002
0.000001
0.000021
0.000001
0.000001
0.013332
0.991477
0.000001
0.004056
0.000001
0.999963
0.000002
0.000001
0.000002
0.000001
0.003778
0.000001
0.000001
0.000014
0.000001
0.882348
0.000001
0.000003
0.000003
0.999978
0.000001
0.000001
0.000001
0.000001
0.999996
0.000001
0.000001
0.000017
0.956401
0.000001
0.999592
0.000001
0.000001
0.999982
0.877101
0.000001
0.999723
0.000001
0.000001
0.000001
0.999927
0.000001
0.000124
0.014317
0.000012
0.000001
0.000001
0.000001
0.967673
0.000001
0.000001
0.405272
0.000001
0.000008
0.877460
0.999742
0.919280
0.000002
0.999875
0.000001
0.998629
0.000001
0.967312
0.000003
0.000001
0.990823
0.999909
0.000002
0.000001
0.998890
0.000001
0.000002
0.000001
0.000001
0.999998
0.602692
0.000020
0.000001
0.999961
0.000001
0.000001
0.000001
0.000001
0.003450
0.000001
0.818065
0.000002
0.000001
0.000002
0.000028
0.000001
0.000001
0.000001
0.000006
0.000021
0.000002
0.999469
0.998582
0.000001
0.000002
0.000001
0.000025
0.999978
0.999990
0.000001
0.997485
0.000003
0.000001
0.999925
0.999922
0.000001
0.992290
0.000001
0.000021
0.000015
0.000002
0.000002
0.000001
0.000001
0.002692
0.988629
0.999836
0.000001
0.000001
0.000001
0.000001
0.000001
0.958695
0.999994
0.000001
0.000001
0.000001
0.000002
0.862467
0.000001
0.000001
0.214027
0.999695
0.000001
0.000001
0.000002
0.000001
0.000001
0.000002
0.122014
0.965047
0.000001
0.543012
0.000002
0.999997
0.999998
0.000001
0.999974
0.038841
0.000001
0.000001
0.998753
0.999253
0.999353
0.997750
0.000001
0.999940
0.000001
0.000001
0.000001
0.000001
0.994853
0.000130
0.000001
0.997845
0.000111
0.999862
0.999496
0.998798
0.999747
0.000001
0.155282
0.820944
0.000008
0.001958
0.999943
0.999996
0.893388
0.877866
0.999995
0.000002
0.999919
0.998870
0.000001
0.999092
0.999777
0.994745
0.000010
0.000001
0.057393
0.997673
0.999526
0.994640
0.986709
0.999847
0.999714
0.999990
0.000001
0.000001
0.000002
0.999902
0.000002
0.000001
0.999138
0.000001
0.970957
0.001351
0.000001
0.953434
0.000001
0.998869
0.000002
0.004717
0.000011
0.000001
0.999974
0.000001
0.479588
0.889718
0.000001
0.000001
0.000002
0.000001
0.384863
0.996937
0.000001
0.000002
0.726779
0.000001
0.001574
0.000001
0.000001
0.999956
0.999997
0.000001
0.987615
0.000001
0.999968
0.035682
0.999943
0.012602
0.000001
0.989379
0.000001
0.733113
0.999990
0.997908
0.000001
0.000002
0.561207
0.000127
0.001749
0.000002
0.999932
0.000001
0.999990
0.000006
0.873531
0.999983
0.000001
0.000001
0.998122
0.999901
0.000002
0.996579
0.000001
0.000002
0.000002
0.000001
0.000001
0.000001
0.999997
0.999985
0.999304
0.000002
0.999973
0.999974
0.000001
0.000001
0.999835
0.999855
0.000001
0.000003
0.000001
0.000001
0.995356
0.962542
0.000001
0.000001
0.999983
0.000001
0.000001
0.999642
0.999938
0.990569
0.000001
0.999884
0.000002
0.000001
0.000001
0.000025
0.979796
0.000001
0.999708
0.000021
0.000001
0.000007
0.887873
0.999993
0.000001
0.000001
0.000002
0.000001
0.000001
0.945334
0.000004
0.999976
0.000037
0.000002
0.000001
0.999981
0.000001
0.000001
0.000002
0.000001
0.999819
0.000001
0.553249
0.000001
0.000001
0.000001
0.078927
0.828141
0.000001
0.000001
0.999681
0.000001
0.000001
0.994741
0.000004
0.999997
0.000002
0.999135
0.999862
0.000152
0.000001
0.944180
0.999943
0.000002
0.000005
0.000001
0.000001
0.000001
0.999986
0.999998
0.000002
0.639102
0.999997
0.000001
0.000001
0.000001
0.000001
0.000002
0.999921
0.999997
0.369078
0.000001
0.000012
0.000001
0.999864
0.000001
0.999805
0.000001
0.917990
0.000001
0.999332
0.088046
0.000001
0.999991
0.999281
0.000001
0.000001
0.000001
0.000001
0.999955
0.000001
0.000002
0.000001
0.999992
0.996243
0.000001
0.000001
0.000001
0.000001
0.000001
0.822892
0.000001
0.000001
0.999545
0.000002
0.998219
0.000027
0.984923
0.999931
0.000001
0.170365
0.000001
0.867128
0.000001
0.999992
0.000001
0.000001
0.999957
0.000032
0.000074
0.999948
0.999780
0.000001
0.000004
0.000001
0.000002
0.919145
0.999959
0.023678
0.000236
0.000063
0.999990
0.999993
0.000001
0.000001
0.000001
0.000001
0.000002
0.086543
0.999989
0.999577
0.999998
0.000002
0.000001
0.999979
0.999987
0.946330
0.447004
0.945888
0.998577
0.000001
0.000001
0.998503
0.000002
0.999966
0.000009
0.000001
0.000002
0.000032
0.000001
0.482390
0.999995
0.000001
0.000001
0.000002
0.400465
0.000001
0.000148
0.998800
0.000001
0.000001
0.001266
0.000001
0.427283
0.999723
0.982667
0.000598
0.617117
0.000001
0.000003
0.999664
0.003463
0.999891
0.000001
0.000001
0.998906
0.000001
0.000001
0.997719
0.000001
0.999306
0.000001
0.996005
0.917744
0.000001
0.000001
0.000001
0.985614
0.911585
0.000001
0.963619
0.000001
0.999949
0.000001
0.000001
0.008875
0.000001
0.999250
0.000001
0.000001
0.999833
0.001480
0.999996
0.982649
0.999957
0.996812
0.000001
0.000001
0.000001
0.000003
0.000001
0.985857
0.992860
0.999639
0.627886
0.000001
0.000002
0.004417
0.000001
0.999991
0.000002
0.000001
0.000001
0.000272
0.000002
0.000001
0.000694
0.000002
0.000001
0.000001
0.000001
0.999918
0.000001
0.017223
0.000001
0.000001
0.996365
0.996145
0.000001
0.000001
0.000001
0.000001
0.996902
0.999812
0.999978
0.771550
0.000001
0.911163
0.999974
0.904739
0.987615
0.000002
0.000001
0.998390
0.000001
0.159181
0.000001
0.965726
0.996872
0.042843
0.999995
0.999997
0.002031
0.000001
0.000001
0.999728
0.999829
0.000001
0.000002
0.000001
0.000001
0.000001
0.000001
0.015827
0.000001
0.998566
0.999986
0.989755
0.999988
0.206040
0.999269
0.999983
0.000001
0.000001
0.999982
0.000001
0.000001
0.999996
0.000002
0.798597
0.000001
0.000001
0.000012
0.000080
0.000001
0.002073
0.000001
0.835221
0.000005
0.992489
0.000002
0.000001
0.000001
0.999996
0.999962
0.999977
0.000001
0.000089
0.000006
0.999862
0.000004
0.000001
0.000002
0.000039
0.000213
0.000001
0.000001
0.000001
0.000001
0.000007
0.999850
0.999942
0.000001
0.999812
0.999666
0.000001
0.000002
0.282628
0.000063
0.000001
0.999976
0.000002
0.000001
0.999659
0.981196
0.000001
0.997343
0.000001
0.001597
0.000001
0.000007
0.998282
0.000001
0.000001
0.000001
0.993023
0.819410
0.999700
0.966836
0.000001
0.999990
0.000001
0.998985
0.000001
0.000002
0.000001
0.992201
0.948740
0.999937
0.012457
0.000001
0.086838
0.000001
0.999997
0.999979
0.000001
0.999965
0.000002
0.000001
0.981279
0.448872
0.999614
0.000001
0.000001
0.999964
0.000001
0.000001
0.000001
0.000001
0.993440
0.000001
0.000117
0.000001
0.000010
0.000001
0.000001
0.000625
0.000001
0.997692
0.000001
0.999900
0.983964
0.934162
0.808075
0.000001
0.000002
0.000912
0.999942
0.987146
0.000001
0.999998
0.000002
0.999995
0.000001
0.001743
0.000002
0.000001
0.000001
0.999466
0.000001
0.000001
0.000001
0.000001
0.000002
0.000445
0.000002
0.979830
0.812029
0.993916
0.000001
0.982498
0.000231
0.998932
0.974317
0.999794
0.000011
0.000001
0.999191
0.000001
0.999991
0.000035
0.000001
0.955542
0.999986
0.776836
0.000001
0.000002
0.996016
0.999228
0.999976
0.000059
0.999695
0.000001
0.000002
0.588622
0.000596
0.997071
0.999992
0.000023
0.988813
0.000001
0.000001
0.024843
0.000097
0.999721
0.000001
0.999081
0.998586
0.999996
0.999985
0.000001
0.000001
0.000001
0.999915
0.622188
0.000001
0.000001
0.998514
0.000001
0.000002
0.985870
0.997987
0.999720
0.000001
0.988228
0.739737
0.709688
0.000001
0.994179
0.000001
0.000001
0.999995
0.999972
0.995090
0.000002
0.000482
0.000001
0.000077
0.000001
0.999960
0.799468
0.997063
0.999998
0.000005
0.000002
0.000001
0.992043
0.000001
0.000001
0.201010
0.000001
0.000001
0.945836
0.000001
0.999995
0.999949
0.999971
0.000001
0.994950
0.994669
0.000001
0.000577
0.999925
0.999965
0.000001
0.999986
0.985772
0.000003
0.997796
0.000001
0.000001
0.000001
0.000004
0.000001
0.000001
0.000002
0.997830
0.000002
0.000004
0.999907
0.000002
0.000001
0.999996
0.000001
0.999998
0.999733
0.000012
0.000002
0.999943
0.000002
0.785598
0.000562
0.000001
0.000001
0.999997
0.993166
0.999919
0.999921
0.000002
0.000001
0.002686
0.000001
0.000001
0.000001
0.000002
0.999997
0.000152
0.024839
0.000001
0.997541
0.000001
0.000001
0.997427
0.996877
0.000002
0.640905
0.705571
0.000211
0.000001
0.000001
0.993299
0.000001
0.000001
0.000001
0.999680
0.999893
0.000002
0.983582
0.000002
0.000002
0.000002
0.000005
0.996536
0.000004
0.000002
0.000030
0.000003
0.000001
0.000001
0.000002
0.000001
0.000001
0.000063
0.000001
0.988595
0.000001
0.000002
0.000013
